0000000  10593   4090 -11507 -14209   6379  -7647   6214 -14122  -6289  31576
0000024  32047 -12841   9770 -13482  17934 -12030 -20958 -16918 -26995 -13378
0000050   2904 -11130 -20470  16652   6839  27767  10237  -6488  31557   9239
0000074  14507   -597  -4433  18821 -18195  17392  -9711   4215  17905  12468
0000120  -7876 -32553 -14973   9875   5217  17840  -5959  17362  16028  -9370
0000144 -21673  31680  -4996   6114   9876  -2547 -10411 -25491   6686 -29926
0000170  13727 -19088   2365  10760 -25554  -2163  19635  10479 -23504 -20855
0000214 -27395 -17254  -9200  21954  12468   2281  11510  -5779 -28034  -6639
0000240 -24303   5465 -22476  29602 -15628   4159  21904  25603   7541 -15093
0000264 -23998  10125  28616 -25048  11704  20278   3324  27404    961  -6991
0000310  -7013  -8070  29522  27443  14370   7724 -32107   4100  17625  25148
0000334 -24219  15513 -25079   3950  29012  21311  14229  20820 -17287  10724
0000360 -22541  -2508 -32580 -11176  29762   6995 -28742  23011 -16565 -13771
0000404  -8203   3265  30515  16591 -15413  12628 -30355   9720  19179 -28521
0000430 -11377 -21632  -5513 -19363 -14258  26919  32407 -25574 -21026   3636
0000454  29161 -26102   -111 -29348 -30921   2602  19243 -12943  -4100    777
0000500   8387  27306 -20510 -24720   -996  24166   -869   5915  16565  24180
0000524 -29296  -3215  14453   1781   5807  12908  20372  30192  -3635  -5768
0000550  -8089  23445 -19304  22988  26508  27871 -27261 -22425 -26660  10263
0000574  25661    372 -15283 -18588 -32218   6682  19164 -15791    661 -32203
0000620  21370  24040 -21644  12239  27620  12589 -13607  -7016 -14313 -15086
0000644 -30361   -189 -15093 -16900  -3890  17518   3782 -16184   7882 -13503
0000670 -23337  29161  -8653  13424  21652  11983   8776  13110 -10489  15577
0000714   4043 -15516    688   1867  -8521   3901 -24768 -10728  -6669  -8716
0000740 -32248  15991 -28193  -8358 -27189  12444 -20774  11518  22259 -21287
0000764 -17210  30629  29021  -5883 -19714 -18179 -31915 -14587 -19869 -18880
0001010  16743    706  15428  13787   6722 -16579 -29786  16758  -6725   9967
0001034    914   9745 -16097  23344  -7146 -29576   -669 -14424  25763  -9619
0001060 -16928  -6990   -296   9028 -28857 -20181 -14228  16104   1947  -3365
0001104 -30240  -9964 -23347 -32063   9802 -20748 -20900  11596 -19860  -4551
0001130 -29808   3787  -9785 -18014 -12495   6436  -8396 -22225  19073  29750
0001154  28296 -18785 -22267 -17343 -31671   2219  31089  11407 -12149  -7395
0001200 -31831  29203  15973 -17320   -458  19948  20993  29806 -27495   4956
0001224  10261 -15773  27040 -17409   -971 -16398 -28792  21362 -14153   5345
0001250  12320 -27825  28901   5059 -24372  13407  17500    672  28455  32332
0001274  19416  15779 -25197 -29139 -13677  19498  -5241 -17193  10448   -540
0001320 -17065  24986 -13315  16162  22517  -1511  -6801 -11271  23793   1402
0001344  24803  -4739 -29811 -25497  -2968 -16806  -5914  16387  10362  -6011
0001370 -21506  19214 -21311 -30648 -13511   1973 -11359 -28325   3021   9427
0001414  25900  20641 -15963  15125 -20396  -4776  21793  24091   7375    436
0001440   5795  21169 -32699 -11565 -14043  -1864  -6098   2544  16179  14491
0001464  -6990   6873   2651 -17317  -3888 -20933  -1836 -27128  -8763 -27849
0001510 -21159  29221  -8764   8632 -29330  17125  12289  -2144 -12832 -24943
0001534 -25808  10247   6607 -21475  10418 -17134   4943 -28922  23202  -9724
0001560  -2630   8464  16697  24096 -24016  23922  21574  11445 -18674 -12397
0001604  -1280   2016 -30589   3723  31908  -8459  16752  27891 -18201 -11522
0001630 -11236 -27173 -26771   7317 -19852  -7800  -1058  -5127 -24783 -16221
0001654  -9881  21149  11942 -20898 -20020 -20303 -13571  11466 -28330   4737
0001700   7787  -1058  24946   1922  22865  29472  23531 -22983  -8437 -22670
0001724   5262 -24223  25148 -32077  32293 -24170 -24329   5744    -73   6821
0001750
